0 1
1 0
2 1
3 0
4 1
5 1
6 0
7 1
8 3
9 1
10 0
11 1
12 7
13 6
14 1
15 0
16 1
17 15
18 25
19 10
20 1
21 0
22 1
23 31
24 90
25 65
26 15
27 1
28 0
29 1
30 63
31 301
32 350
33 140
34 21
35 1
36 0
37 1
38 127
39 966
40 1701
41 1050
42 266
43 28
44 1
45 0
46 1
47 255
48 3025
49 7770
50 6951
51 2646
52 462
53 36
54 1
55 0
56 1
57 511
58 9330
59 34105
60 42525
61 22827
62 5880
63 750
64 45
65 1
66 0
67 1
68 1023
69 28501
70 145750
71 246730
72 179487
73 63987
74 11880
75 1155
76 55
77 1
78 0
79 1
80 2047
81 86526
82 611501
83 1379400
84 1323652
85 627396
86 159027
87 22275
88 1705
89 66
90 1
91 0
92 1
93 4095
94 261625
95 2532530
96 7508501
97 9321312
98 5715424
99 1899612
100 359502
101 39325
102 2431
103 78
104 1
105 0
106 1
107 8191
108 788970
109 10391745
110 40075035
111 63436373
112 49329280
113 20912320
114 5135130
115 752752
116 66066
117 3367
118 91
119 1
120 0
121 1
122 16383
123 2375101
124 42355950
125 210766920
126 420693273
127 408741333
128 216627840
129 67128490
130 12662650
131 1479478
132 106470
133 4550
134 105
135 1
136 0
137 1
138 32767
139 7141686
140 171798901
141 1096190550
142 2734926558
143 3281882604
144 2141764053
145 820784250
146 193754990
147 28936908
148 2757118
149 165620
150 6020
151 120
152 1
153 0
154 1
155 65535
156 21457825
157 694337290
158 5652751651
159 17505749898
160 25708104786
161 20415995028
162 9528822303
163 2758334150
164 512060978
165 62022324
166 4910178
167 249900
168 7820
169 136
170 1
171 0
172 1
173 131071
174 64439010
175 2798806985
176 28958095545
177 110687251039
178 197462483400
179 189036065010
180 106175395755
181 37112163803
182 8391004908
183 1256328866
184 125854638
185 8408778
186 367200
187 9996
188 153
189 1
190 0
191 1
192 262143
193 193448101
194 11259666950
195 147589284710
196 693081601779
197 1492924634839
198 1709751003480
199 1144614626805
200 477297033785
201 129413217791
202 23466951300
203 2892439160
204 243577530
205 13916778
206 527136
207 12597
208 171
209 1
210 0
211 1
212 524287
213 580606446
214 45232115901
215 749206090500
216 4306078895384
217 11143554045652
218 15170932662679
219 12011282644725
220 5917584964655
221 1900842429486
222 411016633391
223 61068660380
224 6302524580
225 452329200
226 22350954
227 741285
228 15675
229 190
230 1
231 0
232 1
233 1048575
234 1742343625
235 181509070050
236 3791262568401
237 26585679462804
238 82310957214948
239 132511015347084
240 123272476465204
241 71187132291275
242 26826851689001
243 6833042030178
244 1204909218331
245 149304004500
246 13087462580
247 809944464
248 34952799
249 1023435
250 19285
251 210
252 1
253 0
254 1
255 2097151
256 5228079450
257 727778623825
258 19137821912055
259 163305339345225
260 602762379967440
261 1142399079991620
262 1241963303533920
263 835143799377954
264 366282500870286
265 108823356051137
266 22496861868481
267 3295165281331
268 345615943200
269 26046574004
270 1404142047
271 53374629
272 1389850
273 23485
274 231
275 1
276 0
277 1
278 4194303
279 15686335501
280 2916342574750
281 96416888184100
282 998969857983405
283 4382641999117305
284 9741955019900400
285 12320068811796900
286 9593401297313460
287 4864251308951100
288 1672162773483930
289 401282560341390
290 68629175807115
291 8479404429331
292 762361127264
293 49916988803
294 2364885369
295 79781779
296 1859550
297 28336
298 253
299 1
