73 61 23 98
68 16 70 24
61 65 42 43
79 70 74 96
22 24 97 33
64 19 15 36
55 85 50 53
35 54 79 39
37 59 23 38
17 45 50 16
74 24 48 32
44 53 41 37
93 83 91 14
67 37 62 90
70 51 69 35
97 88 15 17
27 41 66 55
40 89 58 43
90 43 18 54
97 69 24 57
11 74 58 25
38 20 73 74
80 30 83 51
38 63 59 26
81 30 36 34
15 72 19 43
82 93 34 18
48 55 18 36
52 91 62 49
39 14 63 29
44 98 39 61
95 78 20 22
60 44 60 22
32 56 14 27
31 12 95 86
80 88 13 87
46 11 89 31
45 89 40 19
16 10 92 31
22 69 94 61
78 41 93 55
87 11 82 99
42 48 99 20
82 80 15 77
86 38 12 71
42 78 66 64
36 77 35 28
10 85 26 49
72 20 33 68
38 54 93 72
86 31 51 64
79 96 70 26
60 88 47 50
16 95 37 47
50 76 10 67
42 19 30 44
85 54 83 67
27 29 18 37
28 47 65 59
58 13 73 45
33 84 84 68
63 21 79 12
94 99 75 81
66 42 11 71
71 86 65 41
52 15 29 35
90 40 67 10
29 13 34 39
63 30 43 58
91 49 87 51
89 92 25 21
94 76 40 92
71 95 25 32
21 26 25 57
25 75 39 16
78 80 60 77
65 17 48 82
84 94 96 40
88 28 14 53
98 18 49 46
20 12 45 24
32 21 23 23
46 76 56 98
27 17 32 90
76 72 28 85
81 31 26 97
64 68 34 73
77 12 75 62
62 35 56 29
99 23 34 47
46 75 33 41
81 92 22 17
96 11 84 45
46 69 14 52
28 21 19 36
52 91 33 56
53 83 44 66
27 57 59 30
87 13 57 13