1001 1007 1003 1001
1008 1003 1000 1006
1003 1002 1001 1009
1001 1008 1000 1001
1005 1009 1004 1006
1006 1003 1000 1001
1008 1008 1009 7081
1005 1002 1004 1007
1000 1002 1009 1004
1002 8981 1002 1009
9131 1005 1008 1008
1000 1001 1004 1007
1000 1006 1001 1005
2580 1001 1004 1000
1003 9262 1003 4513
1000 1005 1005 1003
1006 1005 1004 1003
1007 1008 3105 1007
1006 1000 1002 1000
1006 1001 5266 1008
1001 1005 1006 1009
1006 1005 1003 1005
1003 1001 1004 1005
1001 1008 7020 6006
1001 1001 1007 1004
1000 1009 1000 1009
1000 1004 5010 1005
1003 1001 1005 1009
1004 1005 1006 1006
1001 1004 1002 1004
1009 1004 3863 1000
1001 1004 1004 1005
1004 1000 4150 1004
1000 1006 1007 1000
1005 1001 1001 1000
1002 1001 1001 1002
1004 1007 1002 1003
1002 1009 1003 1002
1007 1003 8969 5164
1001 1008 1005 1002
1001 1004 1008 1006
1002 1005 1006 1005
1000 1006 1003 1005
1006 1009 1005 5742
1002 8116 5359 1002
1007 5023 1005 1001
1002 1007 1003 1004
1002 1002 1001 1004
1004 1004 1008 4481
1008 1003 1006 1007